0.00
0.00
0.00
0.00
0.00
0.00
0.00
0.00
0.00
0.00
24.00
24.00
24.00
24.00
24.00
24.00
24.00
24.00
24.00
24.00
24.00
24.00
24.00
24.00
24.00
24.00
24.00
24.00
24.00
24.00
24.00
24.00
24.00
24.00
24.00
24.00
24.00
24.00
24.00
24.00
24.00
24.00
24.00
24.00
24.00
24.00
24.00
24.00
24.00
24.00
24.00
24.00
24.00
24.00
24.00
24.00
24.00
24.00
24.00
24.00
24.00
24.00
24.00
24.00
24.00
24.00
24.00
24.00
24.00
24.00
24.00
24.00
24.00
24.00
24.00
24.00
24.00
24.00
24.00
24.00
24.00
24.00
24.00
24.00
24.00
24.00
24.00
24.00
24.00
24.00
24.00
24.00
24.00
24.00
24.00
24.00
24.00
24.00
24.00
24.00
24.00
24.00
24.00
24.00
24.00
24.00
24.00
24.00
24.00
24.00
24.00
24.00
24.00
24.00
24.00
24.00
24.00
48.00
48.00
48.00
48.00
48.00
48.00
48.00
48.00
48.00
48.00
48.00
48.00
48.00
48.00
48.00
48.00
48.00
48.00
48.00
48.00
48.00
48.00
48.00
48.00
48.00
48.00
48.00
48.00
48.00
48.00
48.00
48.00
48.00
48.00
48.00
48.00
48.00
48.00
48.00
72.00
72.00
72.00
72.00
72.00
72.00
72.00
72.00
72.00
72.00
72.00
72.00
72.00
72.00
72.00
72.00
72.00
72.00
72.00
72.00
72.00
72.00
72.00
72.00
72.00
72.00
72.00
72.00
72.00
72.00
72.00
72.00
72.00
72.00
72.00
72.00
72.00
72.00
72.00
72.00
72.00
72.00
72.00
72.00
72.00
72.00
72.00
72.00
72.00
72.00
72.00
72.00
72.00
72.00
72.00
72.00
72.00
72.00
72.00
72.00
72.00
72.00
72.00
72.00
72.00
96.00
96.00
96.00
96.00
96.00
96.00
96.00
96.00
96.00
96.00
96.00
96.00
96.00
96.00
96.00
96.00
96.00
96.00
96.00
96.00
96.00
96.00
96.00
96.00
96.00
96.00
96.00
96.00
96.00
96.00
96.00
96.00
96.00
96.00
96.00
96.00
96.00
96.00
96.00
96.00
96.00
96.00
96.00
96.00
96.00
96.00
120.00
120.00
120.00
120.00
120.00
120.00
120.00
120.00
120.00
120.00
120.00
120.00
120.00
120.00
120.00
120.00
120.00
120.00
120.00
120.00
120.00
120.00
120.00
120.00
120.00
120.00
120.00
120.00
120.00
120.00
120.00
120.00
120.00
120.00
144.00
144.00
144.00
144.00
144.00
144.00
144.00
144.00
144.00
144.00
144.00
144.00
144.00
144.00
144.00
144.00
144.00
144.00
144.00
144.00
144.00
144.00
144.00
144.00
144.00
168.00
168.00
168.00
168.00
168.00
168.00
168.00
168.00
168.00
168.00
168.00
168.00
168.00
168.00
168.00
168.00
168.00
168.00
168.00
168.00
168.00
168.00
168.00
168.00
168.00
168.00
168.00
168.00
168.00
168.00
192.00
192.00
192.00
192.00
192.00
192.00
192.00
192.00
192.00
192.00
192.00
192.00
192.00
192.00
192.00
192.00
192.00
216.00
216.00
216.00
216.00
216.00
216.00
216.00
216.00
216.00
216.00
216.00
216.00
216.00
216.00
216.00
216.00
216.00
216.00
216.00
216.00
216.00
216.00
216.00
216.00
216.00
216.00
240.00
240.00
240.00
240.00
240.00
240.00
240.00
240.00
240.00
240.00
240.00
240.00
240.00
240.00
240.00
240.00
240.00
240.00
240.00
240.00
240.00
240.00
240.00
240.00
240.00
264.00
264.00
264.00
264.00
264.00
264.00
264.00
264.00
264.00
264.00
264.00
264.00
264.00
264.00
264.00
264.00
264.00
288.00
288.00
288.00
288.00
288.00
288.00
288.00
288.00
288.00
288.00
288.00
288.00
288.00
288.00
288.00
288.00
288.00
288.00
288.00
288.00
288.00
288.00
288.00
288.00
288.00
288.00
288.00
288.00
288.00
288.00
288.00
312.00
312.00
312.00
312.00
312.00
312.00
312.00
312.00
312.00
312.00
312.00
312.00
336.00
336.00
336.00
336.00
336.00
336.00
336.00
336.00
336.00
336.00
336.00
360.00
360.00
360.00
360.00
360.00
360.00
360.00
360.00
360.00
360.00
384.00
384.00
384.00
384.00
384.00
384.00
384.00
384.00
408.00
408.00
408.00
408.00
408.00
408.00
408.00
408.00
408.00
408.00
408.00
408.00
408.00
408.00
408.00
432.00
432.00
432.00
432.00
432.00
432.00
432.00
432.00
432.00
432.00
432.00
432.00
432.00
432.00
456.00
456.00
456.00
456.00
456.00
456.00
456.00
456.00
456.00
456.00
480.00
480.00
480.00
480.00
480.00
480.00
480.00
480.00
480.00
504.00
504.00
504.00
504.00
504.00
504.00
504.00
504.00
504.00
504.00
504.00
504.00
504.00
528.00
528.00
528.00
528.00
528.00
528.00
528.00
528.00
552.00
552.00
552.00
552.00
552.00
552.00
552.00
552.00
552.00
552.00
552.00
576.00
576.00
576.00
576.00
576.00
576.00
576.00
576.00
576.00
576.00
576.00
576.00
576.00
576.00
600.00
600.00
600.00
600.00
600.00
600.00
600.00
600.00
600.00
600.00
600.00
600.00
600.00
600.00
600.00
600.00
600.00
624.00
624.00
624.00
624.00
624.00
624.00
624.00
624.00
624.00
624.00
624.00
624.00
624.00
624.00
648.00
648.00
648.00
648.00
648.00
648.00
648.00
648.00
672.00
672.00
672.00
672.00
672.00
672.00
672.00
672.00
672.00
672.00
672.00
672.00
696.00
696.00
696.00
696.00
696.00
696.00
696.00
696.00
696.00
696.00
696.00
720.00
720.00
720.00
720.00
720.00
720.00
720.00
720.00
720.00
720.00
720.00
720.00
720.00
720.00
720.00
744.00
744.00
744.00
744.00
744.00
744.00
744.00
744.00
744.00
744.00
744.00
744.00
744.00
744.00
744.00
744.00
744.00
744.00
744.00
744.00
744.00
744.00
744.00
768.00
768.00
768.00
768.00
768.00
768.00
768.00
768.00
768.00
768.00
768.00
792.00
792.00
792.00
792.00
792.00
792.00
792.00
792.00
792.00
792.00
792.00
792.00
792.00
792.00
792.00
792.00
792.00
792.00
792.00
816.00
816.00
816.00
816.00
816.00
816.00
816.00
816.00
816.00
840.00
840.00
840.00
840.00
840.00
840.00
840.00
840.00
840.00
840.00
840.00
840.00
840.00
840.00
864.00
864.00
864.00
864.00
864.00
864.00
864.00
864.00
864.00
864.00
864.00
864.00
864.00
864.00
864.00
888.00
888.00
888.00
888.00
888.00
888.00
888.00
888.00
888.00
888.00
888.00
888.00
912.00
912.00
912.00
912.00
912.00
912.00
912.00
912.00
912.00
912.00
936.00
936.00
936.00
936.00
960.00
960.00
960.00
960.00
960.00
960.00
960.00
984.00
984.00
984.00
984.00
984.00
984.00
984.00
1008.00
1008.00
1008.00
1008.00
1008.00
1008.00
1008.00
1032.00
1032.00
1032.00
1032.00
1032.00
1032.00
1056.00
1056.00
1056.00
1056.00
1056.00
1056.00
1056.00
1056.00
1056.00
1056.00
1056.00
1080.00
1080.00
1080.00
1080.00
1080.00
1080.00
1080.00
1080.00
1080.00
1080.00
1080.00
1080.00
1080.00
1104.00
1104.00
1104.00
1104.00
1104.00
1104.00
1104.00
1104.00
1104.00
1104.00
1104.00
1104.00
1104.00
1128.00
1128.00
1128.00
1128.00
1128.00
1128.00
1128.00
1128.00
1128.00
1128.00
1128.00
1128.00
1128.00
1128.00
1128.00
1128.00
1128.00
1152.00
1152.00
1152.00
1152.00
1152.00
1152.00
1152.00
1152.00
1152.00
1152.00
1152.00
1152.00
1152.00
1152.00
1176.00
1176.00
1176.00
1176.00
1176.00
1176.00
1176.00
1176.00
1176.00
1176.00
1176.00
1176.00
1176.00
1176.00
1176.00
1200.00
1200.00
1200.00
1200.00
1200.00
1200.00
1200.00
1200.00
1200.00
1200.00
1200.00
1200.00
1224.00
1224.00
1224.00
1224.00
1224.00
1224.00
1224.00
1224.00
1224.00
1224.00
1224.00
1224.00
1224.00
1224.00
1248.00
1248.00
1248.00
1248.00
1248.00
1248.00
1248.00
1248.00
1248.00
1248.00
1272.00
1272.00
1272.00
1272.00
1272.00
1272.00
1272.00
1272.00
1272.00
1272.00
1272.00
1272.00
1272.00
1272.00
1272.00
1272.00
1296.00
1296.00
1296.00
1296.00
1296.00
1296.00
1296.00
1296.00
1296.00
1296.00
1296.00
1320.00
1320.00
1320.00
1320.00
1344.00
1344.00
1344.00
1344.00
1344.00
1344.00
1344.00
1344.00
1368.00
1368.00
1368.00
1368.00
1368.00
1368.00
1368.00
1368.00
1368.00
1368.00
1368.00
1368.00
1368.00
1368.00
1392.00
1392.00
1392.00
1392.00
1392.00
1392.00
1392.00
1392.00
1392.00
1392.00
1392.00
1392.00
1392.00
1392.00
1392.00
1392.00
1392.00
1416.00
1416.00
1416.00
1416.00
1416.00
1416.00
1416.00
1416.00
1416.00
1416.00
1416.00
1440.00
1440.00
1440.00
1440.00
1440.00
1440.00
1440.00
1440.00
1440.00
1440.00
1440.00
1440.00
1440.00
1440.00
1440.00
1440.00
1440.00
1464.00
1464.00
1464.00
1464.00
1464.00
1464.00
1464.00
1464.00
1488.00
1488.00
1488.00
1488.00
1512.00
1512.00
1512.00
1512.00
1512.00
1512.00
1512.00
1512.00
1512.00
1512.00
1512.00
1512.00
1512.00
1512.00
1536.00
1536.00
1536.00
1536.00
1560.00
1560.00
1560.00
1560.00
1560.00
1560.00
1560.00
1560.00
1560.00
1560.00
1560.00
1560.00
1560.00
1560.00
1560.00
1584.00
1584.00
1584.00
1584.00
1584.00
1584.00
1584.00
1584.00
1584.00
1584.00
1608.00
1608.00
1608.00
1608.00
1608.00
1608.00
1608.00
1608.00
1608.00
1608.00
1608.00
1608.00
1608.00
1608.00
1608.00
1608.00
1632.00
1632.00
1632.00
1632.00
1632.00
1632.00
1632.00
1632.00
1632.00
1632.00
1632.00
1632.00
1632.00
1656.00
1656.00
1656.00
1656.00
1656.00
1680.00
1680.00
1680.00
1680.00
1680.00
1704.00
1704.00
1704.00
1704.00
1704.00
1704.00
1704.00
1704.00
1728.00
1728.00
1728.00
1728.00
1728.00
1728.00
1752.00
1752.00
1752.00
1752.00
1752.00
1752.00
1752.00
1752.00
1752.00
1752.00
1752.00
1752.00
1752.00
1776.00
1776.00
1776.00
1776.00
1776.00
1776.00
1776.00
1776.00
1776.00
1776.00
1776.00
1776.00
1776.00
1800.00
1800.00
1800.00
1800.00
1800.00
1800.00
1800.00
1800.00
1800.00
1824.00
1824.00
1824.00
1824.00
1824.00
1824.00
1824.00
1848.00
1848.00
1848.00
1848.00
1848.00
1848.00
1848.00
1872.00
1872.00
1872.00
1872.00
1872.00
1872.00
1872.00
1872.00
1872.00
1872.00
1872.00
1896.00
1896.00
1896.00
1896.00
1896.00
1896.00
1896.00
1896.00
1920.00
1920.00
1920.00
1920.00
1920.00
1920.00
1920.00
1920.00
1920.00
1920.00
1920.00
1920.00
1920.00
1920.00
1920.00
1920.00
1920.00
1920.00
1920.00
1920.00
1920.00
1920.00
1920.00
1920.00
1920.00
1920.00
1920.00
1920.00
1944.00
1944.00
1944.00
1944.00
1944.00
1944.00
1944.00
1944.00
1944.00
1944.00
1944.00
1944.00
1944.00
1944.00
1968.00
1968.00
1968.00
1968.00
1968.00
1968.00
1968.00
1968.00
1968.00
1968.00
1968.00
1968.00
1968.00
1968.00
1968.00
1992.00
1992.00
1992.00
1992.00
1992.00
2016.00
2016.00
2016.00
2016.00
2016.00
2016.00
2016.00
2016.00
2016.00
2016.00
2016.00
2040.00
2040.00
2040.00
2040.00
2040.00
2040.00
2040.00
2040.00
2040.00
2040.00
2040.00
2040.00
2040.00
2040.00
2040.00
2040.00
2040.00
2040.00
2040.00
2040.00
2040.00
2064.00
2064.00
2064.00
2064.00
2064.00
2064.00
2064.00
2064.00
2064.00
2064.00
2064.00
2064.00
2064.00
2064.00
2064.00
2064.00
2064.00
2064.00
2088.00
2088.00
2088.00
2088.00
2088.00
2088.00
2088.00
2088.00
2088.00
2088.00
2088.00
2088.00
2088.00
2088.00
2088.00
2088.00
2088.00
2088.00
2112.00
2112.00
2112.00
2112.00
2112.00
2112.00
2112.00
2112.00
2112.00
2136.00
2136.00
2136.00
2136.00
2136.00
2136.00
2136.00
2136.00
2136.00
2136.00
2136.00
2136.00
2136.00
2136.00
2136.00
2160.00
2160.00
2160.00
2160.00
2160.00
2160.00
2184.00
2184.00
2184.00
2184.00
2184.00
2184.00
2184.00
2184.00
2184.00
2184.00
2184.00
2184.00
2208.00
2208.00
2208.00
2208.00
2208.00
2208.00
2208.00
2208.00
2208.00
2208.00
2208.00
2208.00
2208.00
2208.00
2208.00
2208.00
2208.00
2232.00
2232.00
2232.00
2232.00
2232.00
2232.00
2232.00
2232.00
2232.00
2232.00
2232.00
2232.00
2232.00
2256.00
2256.00
2256.00
2256.00
2256.00
2256.00
2256.00
2256.00
2256.00
2280.00
2280.00
2280.00
2280.00
2280.00
2280.00
2280.00
2280.00
2280.00
2280.00
2280.00
2304.00
2304.00
2304.00
2304.00
2304.00
2304.00
2304.00
2328.00
2328.00
2328.00
2328.00
2328.00
2328.00
2352.00
2352.00
2352.00
2352.00
2352.00
2352.00
2352.00
2352.00
2352.00
2376.00
2376.00
2376.00
2376.00
2376.00
2376.00
2376.00
2376.00
2376.00
2376.00
2376.00
2376.00
2376.00
2400.00
2400.00
2400.00
2400.00
2400.00
2400.00
2400.00
2400.00
2400.00
2400.00
2400.00
2400.00
2424.00
2424.00
2424.00
2424.00
2424.00
2424.00
2424.00
2424.00
2424.00
2424.00
2424.00
2424.00
2424.00
2424.00
2424.00
2448.00
2448.00
2448.00
2448.00
2448.00
2448.00
2448.00
2448.00
2448.00
2448.00
2448.00
2448.00
2448.00
2448.00
2448.00
2448.00
2448.00
2472.00
2472.00
2472.00
2472.00
2472.00
2496.00
2496.00
2496.00
2496.00
2496.00
2496.00
2496.00
2496.00
2496.00
2496.00
2496.00
2496.00
2520.00
2520.00
2520.00
2520.00
2520.00
2520.00
2544.00
2544.00
2544.00
2544.00
2544.00
2544.00
2544.00
2544.00
2544.00
2544.00
2544.00
2568.00
2568.00
2568.00
2568.00
2568.00
2568.00
2568.00
2568.00
2568.00
2568.00
2568.00
2568.00
2592.00
2592.00
2592.00
2592.00
2592.00
2592.00
2592.00
2592.00
2616.00
2616.00
2616.00
2616.00
2616.00
2616.00
2616.00
2616.00
2616.00
2616.00
2616.00
2616.00
2640.00
2640.00
2640.00
2640.00
2640.00
2640.00
2640.00
2640.00
2640.00
2640.00
2640.00
2640.00
2640.00
2640.00
2640.00
2640.00
2640.00
2640.00
2640.00
2640.00
2640.00
2664.00
2664.00
2664.00
2664.00
2664.00
2664.00
2664.00
2664.00
2688.00
2712.00
2712.00
2712.00
2712.00
2712.00
2736.00
2736.00
2736.00
2736.00
2736.00
2736.00
2736.00
2736.00
2736.00
2736.00
2736.00
2736.00
2736.00
2736.00
2760.00
2760.00
2760.00
2760.00
2760.00
2784.00
2784.00
2784.00
2784.00
2784.00
2784.00
2784.00
2784.00
2784.00
2784.00
2784.00
2784.00
2808.00
2808.00
2808.00
2808.00
2808.00
2808.00
2808.00
2808.00
2832.00
2832.00
2832.00
2832.00
2832.00
2832.00
2856.00
2856.00
2856.00
2856.00
2856.00
2856.00
2856.00
2856.00
2880.00
2880.00
2880.00
2904.00
2904.00
2904.00
2904.00
2904.00
2904.00
2904.00
2904.00
2904.00
2904.00
2904.00
2904.00
2904.00
2904.00
2904.00
2904.00
2904.00
2904.00
2904.00
2904.00
2928.00
2928.00
2928.00
2928.00
2928.00
2928.00
2928.00
2928.00
2928.00
2928.00
2928.00
2928.00
2952.00
2952.00
2952.00
2952.00
2952.00
2952.00
2952.00
2952.00
2952.00
2952.00
2952.00
2952.00
2952.00
2976.00
2976.00
2976.00
2976.00
2976.00
2976.00
2976.00
3000.00
3000.00
3000.00
3000.00
3000.00
3000.00
3000.00
3000.00
3000.00
3024.00
3024.00
3024.00
3024.00
3024.00
3024.00
3024.00
3024.00
3024.00
3048.00
3048.00
3048.00
3048.00
3048.00
3048.00
3048.00
3048.00
3072.00
3072.00
3072.00
3072.00
3072.00
3072.00
3072.00
3072.00
3072.00
3072.00
3096.00
3096.00
3096.00
3096.00
3096.00
3096.00
3096.00
3096.00
3096.00
3096.00
3120.00
3120.00
3120.00
3120.00
3120.00
3144.00
3144.00
3144.00
3144.00
3144.00
3144.00
3144.00
3144.00
3144.00
3144.00
3144.00
3144.00
3144.00
3168.00
3168.00
3168.00
3168.00
3168.00
3168.00
3168.00
3168.00
3168.00
3168.00
3192.00
3192.00
3192.00
3192.00
3192.00
3192.00
3216.00
3216.00
3240.00
3240.00
3240.00
3240.00
3240.00
3240.00
3240.00
3240.00
3240.00
3240.00
3240.00
3240.00
3240.00
3240.00
3240.00
3240.00
3264.00
3264.00
3264.00
3264.00
3264.00
3264.00
3264.00
3264.00
3264.00
3264.00
3288.00
3288.00
3288.00
3288.00
3288.00
3288.00
3288.00
3288.00
3288.00
3288.00
3288.00
3288.00
3288.00
3288.00
3288.00
3288.00
3288.00
3312.00
3312.00
3312.00
3312.00
3312.00
3312.00
3312.00
3312.00
3312.00
3312.00
3312.00
3312.00
3312.00
3336.00
3336.00
3336.00
3336.00
3336.00
3336.00
3336.00
3336.00
3336.00
3336.00
3336.00
3336.00
3336.00
3360.00
3360.00
3360.00
3360.00
3384.00
3384.00
3384.00
3384.00
3384.00
3408.00
3408.00
3408.00
3408.00
3408.00
3432.00
3432.00
3432.00
3432.00
3432.00
3432.00
3432.00
3432.00
3432.00
3432.00
3432.00
3432.00
3432.00
3432.00
3432.00
3432.00
3432.00
3432.00
3432.00
3432.00
3456.00
3456.00
3456.00
3456.00
3456.00
3456.00
3456.00
3456.00
3456.00
3456.00
3456.00
3456.00
3456.00
3456.00
3456.00
3456.00
3456.00
3456.00
3456.00
3480.00
3480.00
3480.00
3480.00
3480.00
3480.00
3480.00
3480.00
3480.00
3480.00
3480.00
3480.00
3480.00
3480.00
3480.00
3480.00
3480.00
3504.00
3504.00
3504.00
3504.00
3504.00
3504.00
3528.00
3528.00
3528.00
3528.00
3528.00
3528.00
3552.00
3552.00
3552.00
3552.00
3552.00
3552.00
3552.00
3576.00
3576.00
3576.00
3576.00
3576.00
3576.00
3576.00
3576.00
3576.00
3600.00
3600.00
3600.00
3600.00
3600.00
3600.00
3600.00
3600.00
3600.00
3624.00
3624.00
3624.00
3624.00
3624.00
3624.00
3624.00
3624.00
3624.00
3624.00
3624.00
3624.00
3624.00
3624.00
3648.00
3648.00
3648.00
3648.00
3648.00
3648.00
3648.00
3648.00
3648.00
3648.00
3648.00
3648.00
3648.00
3648.00
3648.00
3648.00
3648.00
3648.00
3648.00
3672.00
3672.00
3672.00
3672.00
3672.00
3672.00
3696.00
3696.00
3696.00
3696.00
3720.00
3720.00
3720.00
3720.00
3720.00
3720.00
3720.00
3720.00
3744.00
3744.00
3744.00
3744.00
3744.00
3744.00
3744.00
3744.00
3744.00
3744.00
3744.00
3744.00
3768.00
3768.00
3768.00
3768.00
3768.00
3768.00
3768.00
3768.00
3768.00
3768.00
3768.00
3792.00
3792.00
3792.00
3792.00
3792.00
3792.00
3792.00
3792.00
3792.00
3792.00
3792.00
3792.00
3792.00
3792.00
3792.00
3792.00
3792.00
3792.00
3792.00
3792.00
3816.00
3816.00
3816.00
3816.00
3816.00
3816.00
3816.00
3816.00
3816.00
3816.00
3816.00
3816.00
3816.00
3816.00
3840.00
3840.00
3840.00
3840.00
3840.00
3840.00
3840.00
3840.00
3840.00
3840.00
3840.00
3840.00
3840.00
3864.00
3864.00
3864.00
3864.00
3864.00
3864.00
3864.00
3864.00
3864.00
3864.00
3864.00
3864.00
3888.00
3888.00
3888.00
3888.00
3888.00
3912.00
3912.00
3912.00
3912.00
3912.00
3912.00
3912.00
3912.00
3912.00
3912.00
3936.00
3936.00
3936.00
3936.00
3936.00
3936.00
3936.00
3936.00
3936.00
3936.00
3936.00
3936.00
3960.00
3960.00
3960.00
3960.00
3960.00
3960.00
3960.00
3960.00
3960.00
3960.00
3960.00
3960.00
3984.00
3984.00
3984.00
3984.00
3984.00
3984.00
3984.00
3984.00
3984.00
3984.00
3984.00
4008.00
4008.00
4008.00
4008.00
4008.00
4008.00
4008.00
4008.00
4008.00
4008.00
4032.00
4032.00
4032.00
4032.00
4032.00
4032.00
4032.00
4032.00
4032.00
4032.00
4056.00
4056.00
4056.00
4056.00
4056.00
4056.00
4080.00
4080.00
4080.00
4080.00
4080.00
4080.00
4080.00
4080.00
4080.00
4080.00
4104.00
4104.00
4104.00
4104.00
4104.00
4104.00
4104.00
4104.00
4104.00
4104.00
4104.00
4104.00
4104.00
4104.00
4104.00
4104.00
4104.00
4104.00
4104.00
4104.00
4104.00
4104.00
4104.00
4104.00
4104.00
4104.00
4128.00
4128.00
4128.00
4128.00
4128.00
4128.00
4128.00
4128.00
4128.00
4128.00
4128.00
4128.00
4128.00
4152.00
4152.00
4152.00
4152.00
4152.00
4152.00
4152.00
4152.00
4176.00
4176.00
4176.00
4176.00
4176.00
4176.00
4176.00
4176.00
4176.00
4176.00
4176.00
4176.00
4176.00
4176.00
4176.00
4176.00
4176.00
4200.00
4200.00
4200.00
4200.00
4200.00
4224.00
4224.00
4224.00
4224.00
4224.00
4224.00
4224.00
4224.00
4224.00
4224.00
4248.00
4248.00
4248.00
4248.00
4248.00
4248.00
4248.00
4248.00
4248.00
4248.00
4248.00
4248.00
4248.00
4248.00
4272.00
4272.00
4272.00
4272.00
4272.00
4296.00
4296.00
4296.00
4296.00
4296.00
4296.00
4296.00
4296.00
4296.00
4296.00
4296.00
4296.00
4296.00
4296.00
4320.00
4320.00
4320.00
4320.00
4320.00
4320.00
4320.00
4320.00
4320.00
4320.00
4320.00
4344.00
4344.00
4344.00
4344.00
4344.00
4368.00
4368.00
4368.00
4368.00
4368.00
4368.00
4392.00
4392.00
4392.00
4392.00
4392.00
4392.00
4392.00
4392.00
4392.00
4392.00
4392.00
4392.00
4392.00
4392.00
4392.00
4392.00
4392.00
4416.00
4416.00
4416.00
4416.00
4416.00
4416.00
4416.00
4416.00
4416.00
4416.00
4416.00
4416.00
4416.00
4416.00
4416.00
4440.00
4440.00
4440.00
4440.00
4440.00
4440.00
4440.00
4440.00
4440.00
4440.00
4440.00
4440.00
4440.00
4440.00
4440.00
4440.00
4440.00
4464.00
4464.00
4464.00
4464.00
4464.00
4464.00
4464.00
4464.00
4464.00
4464.00
4464.00
4464.00
4464.00
4488.00
4488.00
4488.00
4488.00
4488.00
4488.00
4488.00
4488.00
4488.00
4488.00
4488.00
4488.00
4488.00
4488.00
4488.00
4488.00
4488.00
4488.00
4488.00
4512.00
4512.00
4512.00
4512.00
4512.00
4512.00
4512.00
4512.00
4512.00
4512.00
4512.00
4536.00
4536.00
4536.00
4536.00
4536.00
4536.00
4536.00
4536.00
4536.00
4536.00
4536.00
4536.00
4536.00
4536.00
4536.00
4536.00
4560.00
4560.00
4560.00
4560.00
4560.00
4560.00
4560.00
4560.00
4560.00
4560.00
4560.00
4560.00
4560.00
4560.00
4560.00
4560.00
4560.00
4560.00
4560.00
4560.00
4560.00
4560.00
4584.00
4584.00
4584.00
4584.00
4584.00
4584.00
4584.00
4584.00
4584.00
4584.00
4584.00
4584.00
4584.00
4584.00
4584.00
4584.00
4584.00
4584.00
4584.00
4608.00
4608.00
4608.00
4608.00
4608.00
4608.00
4608.00
4608.00
4608.00
4608.00
4608.00
4632.00
4632.00
4632.00
4632.00
4632.00
4632.00
4632.00
4632.00
4632.00
4656.00
4656.00
4656.00
4656.00
4656.00
4680.00
4680.00
4680.00
4680.00
4680.00
4680.00
4680.00
4680.00
4704.00
4704.00
4704.00
4728.00
4728.00
4728.00
4728.00
4728.00
4728.00
4728.00
4728.00
4728.00
4752.00
4752.00
4752.00
4752.00
4752.00
4752.00
4752.00
4752.00
4752.00
4752.00
4776.00
4776.00
4776.00
4776.00
4776.00
4776.00
4776.00
4776.00
4776.00
4776.00
4776.00
4776.00
4776.00
4776.00
4776.00
4800.00
4800.00
4800.00
4800.00
4800.00
4800.00
4800.00
4800.00
4800.00
4800.00
4800.00
4824.00
4824.00
4824.00
4824.00
4824.00
4824.00
4824.00
4824.00
4824.00
4824.00
4824.00
4824.00
4824.00
4824.00
4824.00
4824.00
4848.00
4848.00
4848.00
4848.00
4848.00
4848.00
4848.00
4848.00
4848.00
4848.00
4848.00
4848.00
4848.00
4872.00
4872.00
4872.00
4872.00
4872.00
4872.00
4872.00
4872.00
4896.00
4896.00
4896.00
4896.00
4896.00
4896.00
4920.00
4920.00
4920.00
4920.00
4920.00
4920.00
4920.00
4920.00
4920.00
4920.00
4920.00
4920.00
4920.00
4920.00
4920.00
4920.00
4920.00
4944.00
4944.00
4944.00
4944.00
4944.00
4944.00
4944.00
4944.00
4944.00
4944.00
4944.00
4944.00
4944.00
4944.00
4944.00
4944.00
4944.00
4944.00
4944.00
4944.00
4944.00
4944.00
4944.00
4968.00
4968.00
4968.00
4968.00
4968.00
4968.00
4968.00
4992.00
4992.00
4992.00
4992.00
4992.00
4992.00
4992.00
4992.00
4992.00
4992.00
4992.00
4992.00
4992.00
4992.00
4992.00
4992.00
5016.00
5016.00
5016.00
5016.00
5016.00
5016.00
5016.00
5016.00
5016.00
5016.00
5016.00
5016.00
5016.00
5040.00
5040.00
5040.00
5040.00
5040.00
5040.00
5040.00
5040.00
5040.00
5064.00
5064.00
5064.00
5064.00
5064.00
5064.00
5064.00
5064.00
5064.00
5064.00
5064.00
5064.00
5064.00
5088.00
5088.00
5088.00
5088.00
5088.00
5088.00
5088.00
5088.00
5088.00
5088.00
5088.00
5088.00
5088.00
5088.00
5088.00
5088.00
5088.00
5112.00
5112.00
5112.00
5112.00
5112.00
5112.00
5112.00
5112.00
5112.00
5112.00
5112.00
5112.00
5112.00
5112.00
5112.00
5136.00
5136.00
5136.00
5136.00
5136.00
5160.00
5160.00
5160.00
5160.00
5160.00
5160.00
5184.00
5184.00
5184.00
5184.00
5184.00
5184.00
5184.00
5208.00
5208.00
5208.00
5208.00
5208.00
5208.00
5208.00
5232.00
5232.00
5232.00
5232.00
5232.00
5232.00
5232.00
5256.00
5256.00
5256.00
5256.00
5256.00
5256.00
5256.00
5256.00
5280.00
5280.00
5280.00
5280.00
5280.00
5280.00
5280.00
5280.00
5280.00
5280.00
5280.00
5304.00
5304.00
5304.00
5304.00
5304.00
5304.00
5304.00
5304.00
5304.00
5304.00
5328.00
5328.00
5328.00
5328.00
5328.00
5352.00
5352.00
5352.00
5352.00
5352.00
5352.00
5352.00
5352.00
5352.00
5376.00
5376.00
5376.00
5376.00
5400.00
5400.00
5400.00
5400.00
5400.00
5400.00
5400.00
5400.00
5400.00
5400.00
5400.00
5424.00
5424.00
5424.00
5424.00
5424.00
5424.00
5424.00
5424.00
5424.00
5424.00
5424.00
5448.00
5448.00
5448.00
5448.00
5448.00
5448.00
5448.00
5448.00
5448.00
5448.00
5448.00
5448.00
5448.00
5472.00
5472.00
5472.00
5472.00
5472.00
5472.00
5472.00
5472.00
5472.00
5472.00
5472.00
5472.00
5472.00
5472.00
5472.00
5472.00
5472.00
5472.00
5496.00
5496.00
5496.00
5496.00
5496.00
5496.00
5496.00
5496.00
5496.00
5496.00
5496.00
5496.00
5496.00
5496.00
5520.00
5520.00
5520.00
5520.00
5520.00
5520.00
5544.00
5544.00
5544.00
5568.00
5568.00
5568.00
5568.00
5568.00
5568.00
5568.00
5568.00
5568.00
5568.00
5568.00
5568.00
5568.00
5568.00
5568.00
5568.00
5568.00
5592.00
5592.00
5592.00
5592.00
5592.00
5592.00
5592.00
5592.00
5592.00
5616.00
5616.00
5616.00
5616.00
5616.00
5616.00
5616.00
5616.00
5616.00
5616.00
5616.00
5616.00
5640.00
5640.00
5640.00
5640.00
5640.00
5640.00
5640.00
5640.00
5640.00
5640.00
5640.00
5664.00
5664.00
5664.00
5664.00
5664.00
5664.00
5664.00
5664.00
5664.00
5664.00
5664.00
5664.00
5688.00
5688.00
5688.00
5688.00
5688.00
5688.00
5688.00
5712.00
5712.00
5712.00
5712.00
5712.00
5736.00
5736.00
5736.00
5736.00
5760.00
5760.00
5760.00
5760.00
5760.00
5760.00
5760.00
5760.00
5760.00
5760.00
5760.00
5784.00
5784.00
5784.00
5784.00
5784.00
5784.00
5784.00
5784.00
5784.00
5784.00
5784.00
5784.00
5784.00
5784.00
5784.00
5784.00
5784.00
5808.00
5808.00
5808.00
5808.00
5808.00
5808.00
5808.00
5808.00
5808.00
5808.00
5808.00
5808.00
5832.00
5832.00
5832.00
5832.00
5832.00
5832.00
5832.00
5832.00
5832.00
5832.00
5832.00
5832.00
5832.00
5832.00
5856.00
5856.00
5856.00
5856.00
5856.00
5856.00
5856.00
5856.00
5856.00
5856.00
5880.00
5880.00
5880.00
5880.00
5880.00
5880.00
5880.00
5880.00
5880.00
5880.00
5904.00
5904.00
5904.00
5904.00
5904.00
5904.00
5904.00
5904.00
5904.00
5904.00
5904.00
5904.00
5904.00
5928.00
5928.00
5928.00
5928.00
5928.00
5928.00
5928.00
5928.00
5928.00
5928.00
5928.00
5928.00
5928.00
5928.00
5928.00
5928.00
5928.00
5928.00
5928.00
5928.00
5928.00
5928.00
5928.00
5952.00
5952.00
5952.00
5952.00
5952.00
5952.00
5952.00
5952.00
5952.00
5952.00
5952.00
5952.00
5976.00
5976.00
5976.00
5976.00
5976.00
5976.00
5976.00
5976.00
5976.00
5976.00
5976.00
5976.00
6000.00
6000.00
6000.00
6000.00
6000.00
6000.00
6000.00
6000.00
6000.00
6000.00
6000.00
6000.00
6000.00
6000.00
6000.00
6000.00
6024.00
6024.00
6024.00
6024.00
6024.00
6024.00
6048.00
6048.00
6048.00
6048.00
6048.00
6048.00
6072.00
6072.00
6072.00
6072.00
6072.00
6072.00
6072.00
6072.00
6072.00
6072.00
6072.00
6072.00
6072.00
6096.00
6096.00
6096.00
6096.00
6096.00
6096.00
6096.00
6096.00
6096.00
6096.00
6096.00
6096.00
6096.00
6096.00
6096.00
6096.00
6096.00
6096.00
6096.00
6096.00
6096.00
6120.00
6120.00
6120.00
6120.00
6120.00
6120.00
6120.00
6120.00
6120.00
6120.00
6120.00
6120.00
6120.00
6120.00
6120.00
6120.00
6120.00
6120.00
6120.00
6120.00
6120.00
6120.00
6144.00
6144.00
6144.00
6144.00
6144.00
6144.00
6144.00
6144.00
6168.00
6168.00
6168.00
6168.00
6168.00
6168.00
6168.00
6168.00
6168.00
6168.00
6168.00
6168.00
6168.00
6168.00
6168.00
6168.00
6168.00
6168.00
6168.00
6168.00
6168.00
6192.00
6192.00
6192.00
6192.00
6192.00
6192.00
6192.00
6192.00
6192.00
6192.00
6192.00
6216.00
6216.00
6216.00
6216.00
6216.00
6216.00
6216.00
6240.00
6240.00
6240.00
6240.00
6240.00
6240.00
6264.00
6264.00
6264.00
6264.00
6264.00
6264.00
6264.00
6264.00
6264.00
6264.00
6264.00
6264.00
6264.00
6264.00
6264.00
6288.00
6288.00
6288.00
6288.00
6312.00
6312.00
6312.00
6312.00
6312.00
6312.00
6312.00
6312.00
6312.00
6312.00
6312.00
6312.00
6312.00
6312.00
6312.00
6312.00
6336.00
6336.00
6336.00
6336.00
6336.00
6336.00
6336.00
6336.00
6336.00
6336.00
6336.00
6336.00
6336.00
6336.00
6336.00
6360.00
6360.00
6360.00
6360.00
6360.00
6360.00
6384.00
6384.00
6384.00
6384.00
6384.00
6384.00
6384.00
6384.00
6384.00
6408.00
6408.00
6408.00
6408.00
6408.00
6408.00
6408.00
6408.00
6408.00
6408.00
6408.00
6432.00
6432.00
6432.00
6432.00
6432.00
6432.00
6432.00
6432.00
6432.00
6432.00
6432.00
6432.00
6432.00
6456.00
6456.00
6456.00
6456.00
6456.00
6456.00
6456.00
6456.00
6456.00
6456.00
6456.00
6456.00
6456.00
6456.00
6456.00
6456.00
6456.00
6456.00
6456.00
6456.00
6456.00
6456.00
6480.00
6480.00
6480.00
6480.00
6504.00
6504.00
6504.00
6504.00
6504.00
6504.00
6504.00
6528.00
6528.00
6528.00
6528.00
6528.00
6528.00
6528.00
6528.00
6528.00
6552.00
6552.00
6552.00
6576.00
6576.00
6576.00
6600.00
6600.00
6600.00
6600.00
6600.00
6600.00
6600.00
6600.00
6600.00
6600.00
6624.00
6624.00
6624.00
6624.00
6624.00
6624.00
6624.00
6648.00
6648.00
6648.00
6648.00
6648.00
6648.00
6648.00
6648.00
6648.00
6672.00
6672.00
6672.00
6672.00
6672.00
6672.00
6672.00
6672.00
6696.00
6696.00
6696.00
6696.00
6696.00
6720.00
6720.00
6720.00
6744.00
6744.00
6744.00
6768.00
6768.00
6768.00
6768.00
6768.00
6768.00
6768.00
6768.00
6792.00
6792.00
6792.00
6840.00
6840.00
6840.00
6840.00
6864.00
6864.00
6864.00
6864.00
6864.00
6864.00
6864.00
6864.00
6864.00
6864.00
6864.00
6864.00
6864.00
6888.00
6888.00
6888.00
6888.00
6888.00
6888.00
6888.00
6888.00
6888.00
6912.00
6912.00
6912.00
6912.00
6912.00
6912.00
6912.00
6912.00
6936.00
6936.00
6960.00
6960.00
6960.00
6960.00
6960.00
6960.00
6960.00
6960.00
6960.00
6960.00
6984.00
6984.00
6984.00
7008.00
7008.00
7008.00
7008.00
7008.00
7008.00
7008.00
7008.00
7008.00
7008.00
7008.00
7008.00
7008.00
7032.00
7032.00
7032.00
7032.00
7056.00
7056.00
7056.00
7056.00
7056.00
7056.00
7056.00
7056.00
7056.00
7056.00
7080.00
7104.00
7104.00
7104.00
7104.00
7104.00
7104.00
7104.00
7104.00
7104.00
7128.00
7128.00
7128.00
7128.00
7128.00
7128.00
7128.00
7128.00
7128.00
7128.00
7128.00
7128.00
7152.00
7152.00
7152.00
7152.00
7152.00
7152.00
7152.00
7152.00
7152.00
7176.00
7176.00
7176.00
7176.00
7176.00
7176.00
7176.00
7176.00
7176.00
7176.00
7176.00
7176.00
7200.00
7200.00
7200.00
7200.00
7200.00
7200.00
7200.00
7200.00
7200.00
7200.00
7200.00
7224.00
7224.00
7224.00
7224.00
7224.00
7224.00
7248.00
7248.00
7248.00
7248.00
7248.00
7248.00
7248.00
7248.00
7248.00
7248.00
7248.00
7248.00
7248.00
7248.00
7248.00
7248.00
7272.00
7272.00
7272.00
7272.00
7272.00
7272.00
7272.00
7272.00
7272.00
7272.00
7272.00
7272.00
7272.00
7272.00
7272.00
7272.00
7272.00
7272.00
7272.00
7272.00
7296.00
7296.00
7296.00
7296.00
7296.00
7296.00
7296.00
7320.00
7320.00
7320.00
7320.00
7320.00
7320.00
7320.00
7320.00
7320.00
7320.00
7320.00
7320.00
7320.00
7320.00
7320.00
7320.00
7320.00
7344.00
7344.00
7344.00
7344.00
7344.00
7344.00
7344.00
7344.00
7344.00
7344.00
7344.00
7344.00
7344.00
7344.00
7344.00
7344.00
7344.00
7368.00
7368.00
7368.00
7368.00
7368.00
7368.00
7368.00
7368.00
7368.00
7368.00
7392.00
7392.00
7392.00
7392.00
7392.00
7392.00
7392.00
7392.00
7392.00
7392.00
7392.00
7392.00
7392.00
7392.00
7392.00
7392.00
7392.00
7392.00
7392.00
7392.00
7392.00
7392.00
7392.00
7392.00
7392.00
7416.00
7416.00
7416.00
7416.00
7416.00
7416.00
7416.00
7416.00
7416.00
7416.00
7416.00
7416.00
7416.00
7416.00
7416.00
7416.00
7440.00
7440.00
7440.00
7440.00
7440.00
7440.00
7440.00
7440.00
7440.00
7440.00
7440.00
7440.00
7440.00
7464.00
7464.00
7464.00
7464.00
7464.00
7464.00
7464.00
7464.00
7464.00
7464.00
7464.00
7464.00
7464.00
7464.00
7464.00
7488.00
7488.00
7488.00
7488.00
7488.00
7488.00
7488.00
7488.00
7488.00
7488.00
7488.00
7488.00
7488.00
7488.00
7488.00
7488.00
7488.00
7512.00
7512.00
7512.00
7512.00
7512.00
7512.00
7512.00
7512.00
7512.00
7512.00
7512.00
7512.00
7512.00
7512.00
7512.00
7536.00
7536.00
7536.00
7536.00
7536.00
7560.00
7560.00
7560.00
7560.00
7560.00
7560.00
7560.00
7560.00
7560.00
7560.00
7560.00
7560.00
7560.00
7560.00
7560.00
7560.00
7584.00
7584.00
7584.00
7584.00
7584.00
7584.00
7584.00
7584.00
7584.00
7584.00
7584.00
7584.00
7584.00
7584.00
7584.00
7584.00
7584.00
7584.00
7584.00
7584.00
7584.00
7584.00
7584.00
7584.00
7584.00
7584.00
7584.00
7584.00
7584.00
7584.00
7584.00
7584.00
7608.00
7608.00
7608.00
7608.00
7608.00
7608.00
7608.00
7608.00
7608.00
7608.00
7608.00
7608.00
7608.00
7608.00
7608.00
7608.00
7608.00
7608.00
7608.00
7608.00
7608.00
7608.00
7608.00
7608.00
7608.00
7608.00
7608.00
7608.00
7608.00
7608.00
7608.00
7608.00
7608.00
7632.00
7632.00
7632.00
7656.00
7656.00
7656.00
7656.00
7656.00
7656.00
7656.00
7656.00
7680.00
7680.00
7680.00
7680.00
7680.00
7680.00
7680.00
7680.00
7680.00
7680.00
7680.00
7680.00
7680.00
7680.00
7704.00
7704.00
7704.00
7704.00
7704.00
7704.00
7728.00
7728.00
7728.00
7728.00
7728.00
7728.00
7728.00
7728.00
7728.00
7728.00
7752.00
7752.00
7752.00
7752.00
7752.00
7752.00
7752.00
7752.00
7752.00
7752.00
7752.00
7752.00
7752.00
7752.00
7752.00
7752.00
7752.00
7776.00
7776.00
7776.00
7776.00
7776.00
7776.00
7776.00
7776.00
7776.00
7776.00
7776.00
7776.00
7776.00
7776.00
7776.00
7776.00
7776.00
7776.00
7776.00
7776.00
7800.00
7800.00
7800.00
7800.00
7800.00
7800.00
7800.00
7800.00
7800.00
7800.00
7800.00
7800.00
7800.00
7800.00
7824.00
7824.00
7824.00
7824.00
7824.00
7824.00
7824.00
7824.00
7824.00
7824.00
7824.00
7824.00
7824.00
7824.00
7824.00
7824.00
7824.00
7824.00
7848.00
7848.00
7848.00
7848.00
7848.00
7848.00
7848.00
7848.00
7848.00
7848.00
7848.00
7848.00
7848.00
7872.00
7872.00
7872.00
7872.00
7872.00
7872.00
7872.00
7872.00
7872.00
7872.00
7872.00
7896.00
7896.00
7896.00
7920.00
7920.00
7920.00
7920.00
7920.00
7920.00
7920.00
7920.00
7920.00
7920.00
7920.00
7920.00
7920.00
7944.00
7944.00
7944.00
7944.00
7944.00
7968.00
7968.00
7968.00
7968.00
7968.00
7968.00
7968.00
7968.00
7992.00
7992.00
7992.00
7992.00
7992.00
7992.00
7992.00
7992.00
7992.00
7992.00
7992.00
7992.00
8016.00
8016.00
8016.00
8016.00
8016.00
8016.00
8016.00
8016.00
8016.00
8016.00
8016.00
8016.00
8016.00
8016.00
8016.00
8016.00
8040.00
8040.00
8040.00
8040.00
8040.00
8040.00
8040.00
8040.00
8064.00
8064.00
8064.00
8064.00
8064.00
8064.00
8088.00
8088.00
8088.00
8088.00
8088.00
8088.00
8088.00
8088.00
8088.00
8088.00
8088.00
8112.00
8112.00
8112.00
8112.00
8136.00
8136.00
8136.00
8136.00
8160.00
8160.00
8160.00
8160.00
8160.00
8160.00
8160.00
8160.00
8160.00
8160.00
8160.00
8160.00
8160.00
8184.00
8184.00
8184.00
8184.00
8184.00
8184.00
8184.00
8184.00
8184.00
8184.00
8184.00
8184.00
8184.00
8184.00
8184.00
8184.00
8184.00
8184.00
8208.00
8208.00
8208.00
8208.00
8208.00
8208.00
8208.00
8232.00
8232.00
8232.00
8232.00
8232.00
8232.00
8232.00
8232.00
8256.00
8256.00
8256.00
8256.00
8256.00
8256.00
8256.00
8280.00
8280.00
8280.00
8280.00
8280.00
8280.00
8280.00
8304.00
8304.00
8304.00
8304.00
8304.00
8304.00
8304.00
8304.00
8304.00
8304.00
8304.00
8304.00
8328.00
8328.00
8328.00
8328.00
8328.00
8328.00
8328.00
8328.00
8352.00
8352.00
8352.00
8352.00
8352.00
8352.00
8352.00
8352.00
8352.00
8352.00
8352.00
8352.00
8352.00
8376.00
8376.00
8400.00
8400.00
8400.00
8400.00
8400.00
8400.00
8400.00
8400.00
8400.00
8400.00
8400.00
8400.00
8400.00
8400.00
8400.00
8400.00
8400.00
8400.00
8400.00
8400.00
8400.00
8400.00
8400.00
8400.00
8424.00
8424.00
8424.00
8424.00
8424.00
8424.00
8424.00
8424.00
8424.00
8424.00
8424.00
8424.00
8424.00
8424.00
8424.00
8424.00
8424.00
8424.00
8424.00
8424.00
8424.00
8424.00
8424.00
8424.00
8448.00
8448.00
8448.00
8448.00
8448.00
8448.00
8448.00
8448.00
8448.00
8448.00
8448.00
8448.00
8448.00
8472.00
8472.00
8472.00
8472.00
8472.00
8472.00
8472.00
8472.00
8472.00
8496.00
8496.00
8496.00
8496.00
8496.00
8496.00
8496.00
8496.00
8496.00
8496.00
8496.00
8496.00
8496.00
8496.00
8496.00
8496.00
8496.00
8496.00
8496.00
8496.00
8496.00
8496.00
8520.00
8520.00
8520.00
8520.00
8520.00
8520.00
8520.00
8520.00
8520.00
8520.00
8520.00
8520.00
8520.00
8520.00
8520.00
8520.00
8520.00
8520.00
8520.00
8520.00
8568.00
8568.00
8568.00
8568.00
8568.00
8568.00
8568.00
8568.00
8568.00
8568.00
8568.00
8568.00
8568.00
8568.00
8568.00
8568.00
8568.00
8568.00
8568.00
8568.00
8568.00
8568.00
8592.00
8592.00
8592.00
8592.00
8592.00
8592.00
8616.00
8616.00
8616.00
8616.00
8616.00
8616.00
8616.00
8616.00
8640.00
8640.00
8640.00
8640.00
8640.00
8640.00
8640.00
8640.00
8640.00
8640.00
8640.00
8640.00
8640.00
8664.00
8664.00
8664.00
8664.00
8664.00
8664.00
8664.00
8664.00
8664.00
8664.00
8664.00
8664.00
8664.00
8664.00
8664.00
8664.00
8664.00
8664.00
8664.00
8664.00
8688.00
8688.00
8688.00
8688.00
8688.00
8688.00
8688.00
8688.00
8688.00
8688.00
8688.00
8688.00
8688.00
8688.00
8688.00
8688.00
8688.00
8688.00
8688.00
8688.00
8688.00
8688.00
8688.00
8712.00
8712.00
8712.00
8712.00
8712.00
8712.00
8712.00
8712.00
8712.00
8712.00
8712.00
8712.00
8712.00
8712.00
8712.00
8712.00
8712.00
8712.00
8712.00
8736.00
8736.00
8736.00
8736.00
8736.00
8736.00
8736.00
8736.00
8736.00
8736.00
8736.00
8736.00
8736.00
8736.00
8736.00
8736.00
8736.00
8736.00
8736.00
8736.00
8736.00
8736.00
8736.00
8736.00
8736.00
8736.00
8736.00
8736.00
8736.00
8736.00
8736.00
8736.00
8736.00
8736.00
8736.00
8736.00
8736.00
8736.00
8736.00
8736.00
8736.00
8736.00
8736.00
8736.00
8736.00
8736.00
8760.00
8760.00
8760.00
8760.00
8760.00
8760.00
8760.00
8760.00
8760.00
8760.00
8760.00
8760.00
8760.00
8760.00
8760.00
8760.00
8760.00
8784.00
8784.00
8784.00
8784.00
8784.00
8784.00
8808.00
8808.00
8808.00
8808.00
8808.00
8808.00
8808.00
8808.00
8808.00
8808.00
8808.00
8808.00
8808.00
8808.00
8808.00
8832.00
8832.00
8832.00
8832.00
8832.00
8832.00
8832.00
8832.00
8832.00
8832.00
8832.00
8832.00
8832.00
8832.00
8832.00
8832.00
8832.00
8832.00
8832.00
8856.00
8856.00
8856.00
8856.00
8856.00
8856.00
8856.00
8856.00
8856.00
8856.00
8856.00
8856.00
8856.00
8856.00
8856.00
8856.00
8856.00
8856.00
8856.00
8856.00
8880.00
8880.00
8880.00
8880.00
8880.00
8880.00
8880.00
8880.00
8880.00
8880.00
8880.00
8880.00
8880.00
8880.00
8880.00
8880.00
8880.00
8904.00
8904.00
8904.00
8904.00
8904.00
8904.00
8904.00
8904.00
8928.00
8928.00
8928.00
8928.00
8952.00
8952.00
8976.00
8976.00
8976.00
9000.00
9000.00
9000.00
9000.00
9024.00
9024.00
9048.00
9048.00
9048.00
9072.00
9072.00
9072.00
9072.00
9096.00
9096.00
9096.00
9096.00
9096.00
9096.00
9096.00
9096.00
9096.00
9096.00
9120.00
9120.00
9120.00
9144.00
9168.00
9192.00
9192.00
9192.00
9216.00
9216.00
9216.00
9216.00
9240.00
9240.00
9240.00
9240.00
9240.00
9264.00
9264.00
9264.00
9288.00
9288.00
9312.00
9336.00
9360.00
9360.00
9360.00
9360.00
9360.00
9384.00
9384.00
9384.00
9408.00
9408.00
9432.00
9456.00
9456.00
9456.00
9480.00
9480.00
9480.00
9480.00
9504.00
9528.00
9552.00
9552.00
9576.00
9576.00
9576.00
9600.00
9600.00
9624.00
9624.00
9648.00
9672.00
9672.00
9672.00
9672.00
9672.00
9696.00
9696.00
9720.00
9744.00
9744.00
9744.00
9744.00
9744.00
9768.00
9768.00
9792.00
9792.00
9792.00
9816.00
9816.00
9816.00
9816.00
9840.00
9840.00
9864.00
9912.00
9912.00
9912.00
9912.00
9912.00
9912.00
9912.00
9912.00
9912.00
9912.00
9936.00
9936.00
9936.00
9936.00
9936.00
9936.00
9936.00
9936.00
9936.00
9960.00
9960.00
9960.00
9960.00
9984.00
9984.00
9984.00
9984.00
9984.00
10008.00
10008.00
10008.00
10008.00
10008.00
10008.00
10008.00
10032.00
10032.00
10032.00
10032.00
10032.00
10032.00
10032.00
10032.00
10032.00
10032.00
10032.00
10032.00
10032.00
10056.00
10056.00
10080.00
10080.00
10080.00
10104.00
10128.00
10152.00
10152.00
10176.00
10176.00
10176.00
10176.00
10176.00
10176.00
10200.00
10200.00
10200.00
10224.00
10224.00
10248.00
10248.00
10248.00
10248.00
10248.00
10248.00
10248.00
10248.00
10272.00
10272.00
10272.00
10272.00
10296.00
10296.00
10296.00
10296.00
10320.00
10320.00
10344.00
10344.00
10344.00
10344.00
10344.00
10368.00
10368.00
10392.00
10392.00
10392.00
10416.00
10416.00
10416.00
10416.00
10416.00
10440.00
10440.00
10440.00
10464.00
10464.00
10464.00
10464.00
10488.00
10488.00
10488.00
10512.00
10512.00
10512.00
10512.00
10512.00
10512.00
10512.00
10512.00
10512.00
10536.00
10536.00
10536.00
10536.00
10560.00
10584.00
10584.00
10584.00
10584.00
10584.00
10608.00
10608.00
10608.00
10608.00
10608.00
10608.00
10608.00
10632.00
10632.00
10632.00
10632.00
10632.00
10632.00
10656.00
10656.00
10656.00
10656.00
10656.00
10656.00
10656.00
10656.00
10680.00
10680.00
10680.00
10680.00
10680.00
10680.00
10680.00
10680.00
10680.00
10680.00
10680.00
10680.00
10680.00
10680.00
10680.00
10680.00
10680.00
10680.00
10680.00
10680.00
10680.00
10680.00
10704.00
10704.00
10704.00
10704.00
10728.00
10728.00
10728.00
10752.00
10752.00
10752.00
10752.00
10752.00
10752.00
10752.00
10752.00
10752.00
10776.00
10776.00
10776.00
10776.00
10776.00
10776.00
10776.00
10776.00
10800.00
10800.00
10800.00
10800.00
10800.00
10800.00
10800.00
10800.00
10824.00
10824.00
10824.00
10824.00
10848.00
10848.00
10848.00
10872.00
10872.00
10872.00
10872.00
10872.00
10872.00
10896.00
10896.00
10896.00
10896.00
10896.00
10920.00
10920.00
10920.00
10920.00
10920.00
10920.00
10920.00
10944.00
10944.00
10968.00
10968.00
10968.00
10968.00
10968.00
10968.00
10992.00
10992.00
11016.00
11016.00
11016.00
11016.00
11016.00
11016.00
11016.00
11016.00
11016.00
11016.00
11040.00
11040.00
11040.00
11040.00
11040.00
11040.00
11040.00
11040.00
11040.00
11040.00
11040.00
11040.00
11040.00
11040.00
11040.00
11040.00
11040.00
11064.00
11064.00
11064.00
11088.00
11088.00
11112.00
11112.00
11112.00
11112.00
11112.00
11112.00
11136.00
11136.00
11136.00
11136.00
11136.00
11160.00
11160.00
11160.00
11160.00
11160.00
11160.00
11184.00
11184.00
11184.00
11184.00
11184.00
11184.00
11184.00
11184.00
11184.00
11208.00
11208.00
11208.00
11208.00
11208.00
11208.00
11208.00
11232.00
11232.00
11232.00
11232.00
11232.00
11256.00
11280.00
11328.00
11328.00
11328.00
11328.00
11328.00
11328.00
11328.00
11352.00
11400.00
11400.00
11400.00
11424.00
11424.00
11424.00
11424.00
11424.00
11424.00
11424.00
11424.00
11424.00
11424.00
11424.00
11424.00
11448.00
11448.00
11448.00
11448.00
11448.00
11448.00
11472.00
11472.00
11472.00
11472.00
11472.00
11496.00
11496.00
11496.00
11496.00
11520.00
11520.00
11520.00
11544.00
11544.00
11568.00
11568.00
11568.00
11592.00
11616.00
11616.00
11616.00
11640.00
11640.00
11664.00
11688.00
11688.00
11688.00
11688.00
11688.00
11688.00
11736.00
11736.00
11736.00
11760.00
11760.00
11760.00
11784.00
11784.00
11784.00
11784.00
11784.00
11784.00
11784.00
11784.00
11808.00
11808.00
11808.00
11808.00
11808.00
11808.00
11832.00
11832.00
11832.00
11832.00
11832.00
11832.00
11832.00
11856.00
11856.00
11856.00
11880.00
11904.00
11928.00
11928.00
11928.00
11928.00
11952.00
11952.00
11952.00
11952.00
11952.00
11976.00
11976.00
11976.00
11976.00
12000.00
12000.00
12048.00
12072.00
12072.00
12072.00
12072.00
12072.00
12072.00
12072.00
12096.00
12096.00
12096.00
12096.00
12096.00
12096.00
12096.00
12120.00
12120.00
12144.00
12168.00
12168.00
12192.00
12192.00
12192.00
12192.00
12192.00
12192.00
12216.00
12216.00
12216.00
12240.00
12264.00
12288.00
12288.00
12288.00
12288.00
12288.00
12288.00
12288.00
12288.00
12288.00
12288.00
12312.00
12312.00
12336.00
12336.00
12336.00
12360.00
12360.00
12360.00
12360.00
12360.00
12384.00
12384.00
12384.00
12384.00
12384.00
12408.00
12408.00
12408.00
12408.00
12408.00
12408.00
12408.00
12432.00
12432.00
12432.00
12432.00
12432.00
12432.00
12432.00
12456.00
12456.00
12504.00
12504.00
12504.00
12504.00
12528.00
12528.00
12552.00
12552.00
12576.00
12576.00
12576.00
12576.00
12576.00
12576.00
12576.00
12576.00
12600.00
12600.00
12600.00
12600.00
12600.00
12600.00
12648.00
12648.00
12648.00
12648.00
12648.00
12672.00
12672.00
12672.00
12672.00
12672.00
12672.00
12672.00
12696.00
12696.00
12696.00
12696.00
12696.00
12696.00
12696.00
12720.00
12720.00
12744.00
12744.00
12768.00
12768.00
12768.00
12768.00
12768.00
12792.00
12792.00
12792.00
12792.00
12792.00
12792.00
12816.00
12840.00
12840.00
12840.00
12864.00
12864.00
12888.00
12888.00
12912.00
12912.00
12912.00
12912.00
12912.00
12936.00
12936.00
12936.00
12936.00
12936.00
12936.00
12936.00
12936.00
12960.00
12960.00
12960.00
12960.00
12984.00
12984.00
12984.00
12984.00
12984.00
13008.00
13008.00
13032.00
13056.00
13056.00
13056.00
13080.00
13080.00
13080.00
13080.00
13080.00
13104.00
13128.00
13128.00
13128.00
13128.00
13128.00
13152.00
13152.00
13152.00
13152.00
13152.00
13176.00
13176.00
13176.00
13176.00
13176.00
13176.00
13176.00
13200.00
13224.00
13224.00
13224.00
13272.00
13272.00
13272.00
13272.00
13272.00
13296.00
13296.00
13296.00
13320.00
13320.00
13344.00
13368.00
13392.00
13392.00
13392.00
13392.00
13416.00
13440.00
13440.00
13464.00
13464.00
13464.00
13464.00
13488.00
13488.00
13512.00
13512.00
13536.00
13536.00
13536.00
13536.00
13536.00
13536.00
13536.00
13560.00
13560.00
13560.00
13584.00
13584.00
13584.00
13584.00
13584.00
13608.00
13608.00
13608.00
13608.00
13608.00
13632.00
13632.00
13632.00
13632.00
13656.00
13680.00
13680.00
13680.00
13680.00
13680.00
13680.00
13680.00
13680.00
13680.00
13680.00
13680.00
13680.00
13680.00
13680.00
13680.00
13680.00
13680.00
13704.00
13704.00
13704.00
13704.00
13728.00
13728.00
13728.00
13728.00
13728.00
13728.00
13728.00
13728.00
13728.00
13728.00
13728.00
13728.00
13728.00
13728.00
13752.00
13752.00
13752.00
13752.00
13752.00
13752.00
13752.00
13752.00
13752.00
13752.00
13776.00
13776.00
13776.00
13800.00
13800.00
13800.00
13824.00
13824.00
13824.00
13824.00
13824.00
13848.00
13848.00
13848.00
13848.00
13848.00
13872.00
13872.00
13872.00
13872.00
13896.00
13896.00
13896.00
13920.00
13920.00
13944.00
13944.00
13944.00
13968.00
13992.00
13992.00
13992.00
13992.00
14016.00
14016.00
14016.00
14040.00
14040.00
14040.00
14064.00
14064.00
14064.00
14064.00
14064.00
14064.00
14064.00
14064.00
14064.00
14088.00
14088.00
14112.00
14136.00
14136.00
14160.00
14160.00
14184.00
14184.00
14184.00
14208.00
14256.00
14256.00
14256.00
14304.00
14304.00
14304.00
14304.00
14328.00
14328.00
14328.00
14328.00
14328.00
14328.00
14328.00
14328.00
14328.00
14352.00
14376.00
14376.00
14376.00
14376.00
14400.00
14400.00
14400.00
14424.00
14424.00
14448.00
14448.00
14496.00
14496.00
14496.00
14496.00
14496.00
14496.00
14496.00
14496.00
14520.00
14520.00
14544.00
14544.00
14544.00
14544.00
14568.00
14568.00
14568.00
14568.00
14592.00
14616.00
14616.00
14640.00
14640.00
14664.00
14664.00
14712.00
14712.00
14712.00
14712.00
14736.00
14760.00
14760.00
14760.00
14760.00
14760.00
14760.00
14760.00
14760.00
14760.00
14784.00
14784.00
14784.00
14784.00
14784.00
14808.00
14808.00
14808.00
14832.00
14832.00
14832.00
14832.00
14856.00
14856.00
14880.00
14880.00
14880.00
14904.00
14904.00
14904.00
14928.00
14928.00
14952.00
14952.00
14976.00
14976.00
14976.00
14976.00
15000.00
15000.00
15000.00
15000.00
15024.00
15024.00
15024.00
15024.00
15048.00
15072.00
15072.00
15096.00
15096.00
15096.00
15120.00
15120.00
15120.00
15120.00
15120.00
15120.00
15120.00
15144.00
15144.00
15144.00
15168.00
15192.00
15192.00
15192.00
15192.00
15216.00
15216.00
15240.00
15264.00
15264.00
15264.00
15288.00
15312.00
15312.00
15312.00
15336.00
15336.00
15336.00
15336.00
15360.00
15360.00
15384.00
15384.00
15408.00
15408.00
15408.00
15408.00
15432.00
15432.00
15432.00
15432.00
15456.00
15480.00
15480.00
15480.00
15504.00
15504.00
15504.00
15504.00
15504.00
15528.00
15528.00
15528.00
15552.00
15552.00
15600.00
15600.00
15600.00
15600.00
15600.00
15600.00
15600.00
15624.00
15648.00
15648.00
15672.00
15672.00
15672.00
15672.00
15672.00
15672.00
15672.00
15696.00
15696.00
15696.00
15696.00
15696.00
15696.00
15696.00
15720.00
15720.00
15720.00
15720.00
15720.00
15720.00
15720.00
15744.00
15744.00
15744.00
15744.00
15744.00
15768.00
15768.00
15768.00
15768.00
15768.00
15768.00
15792.00
15816.00
15816.00
15816.00
15816.00
15840.00
15840.00
15864.00
15864.00
15888.00
15888.00
15888.00
15912.00
15912.00
15936.00
15936.00
15960.00
15960.00
15960.00
15960.00
15984.00
15984.00
15984.00
16008.00
16032.00
16032.00
16056.00
16056.00
16056.00
16056.00
16056.00
16080.00
16080.00
16104.00
16128.00
16128.00
16128.00
16128.00
16152.00
16152.00
16152.00
16176.00
16176.00
16176.00
16176.00
16200.00
16200.00
16248.00
16248.00
16272.00
16272.00
16272.00
16272.00
16296.00
16296.00
16296.00
16296.00
16320.00
16344.00
16344.00
16344.00
16344.00
16344.00
16344.00
16368.00
16368.00
16368.00
16392.00
16392.00
16392.00
16392.00
16392.00
16392.00
16392.00
16392.00
16392.00
16392.00
16392.00
16416.00
16416.00
16440.00
16440.00
16440.00
16464.00
16464.00
16464.00
16464.00
16464.00
16464.00
16488.00
16488.00
16488.00
16488.00
16512.00
16512.00
16536.00
16536.00
16536.00
16536.00
16560.00
16560.00
16560.00
16560.00
16584.00
16608.00
16608.00
16608.00
16632.00
16632.00
16632.00
16656.00
16656.00
16680.00
16680.00
16680.00
16704.00
16704.00
16704.00
16704.00
16704.00
16704.00
16728.00
16752.00
16752.00
16752.00
16752.00
16752.00
16776.00
16776.00
16776.00
16776.00
16776.00
16776.00
16776.00
16776.00
16800.00
16800.00
16800.00
16824.00
16824.00
16824.00
16824.00
16824.00
16848.00
16848.00
16848.00
16848.00
16848.00
16872.00
16872.00
16872.00
16872.00
16872.00
16872.00
16872.00
16872.00
16872.00
16872.00
16872.00
16872.00
16896.00
16896.00
16896.00
16896.00
16896.00
16896.00
16896.00
16896.00
16896.00
16896.00
16896.00
16896.00
16896.00
16896.00
16920.00
16920.00
16920.00
16920.00
16920.00
16920.00
16944.00
16944.00
16944.00
16944.00
16944.00
16944.00
16944.00
16944.00
16944.00
16944.00
16944.00
16944.00
16944.00
16944.00
16944.00
16944.00
16944.00
16944.00
16944.00
16944.00
16944.00
16944.00
16944.00
16944.00
16944.00
16944.00
16944.00
16944.00
16944.00
16944.00
16968.00
16968.00
16968.00
16968.00
16968.00
16992.00
16992.00
16992.00
16992.00
16992.00
16992.00
16992.00
16992.00
16992.00
17016.00
17040.00
17040.00
17040.00
17040.00
17064.00
17064.00
17064.00
17088.00
17088.00
17088.00
17112.00
17112.00
17112.00
17112.00
17112.00
17112.00
17112.00
17112.00
17112.00
17112.00
17112.00
17112.00
17112.00
17112.00
17112.00
17112.00
17112.00
17112.00
17112.00
17112.00
17112.00
17112.00
17112.00
17112.00
17112.00
17112.00
17112.00
17112.00
17112.00
17112.00
17112.00
17112.00
17112.00
17112.00
17112.00
17112.00
17112.00
17136.00
17136.00
17136.00
17136.00
17136.00
17136.00
17136.00
17136.00
17136.00
17136.00
17136.00
17136.00
17136.00
17136.00
17136.00
17136.00
17160.00
17160.00
17160.00
17160.00
17160.00
17160.00
17160.00
17160.00
17160.00
17160.00
17160.00
17160.00
17160.00
17160.00
17160.00
17160.00
17160.00
17160.00
17160.00
17160.00
17160.00
17160.00
17160.00
17160.00
17160.00
17160.00
17160.00
17160.00
17184.00
17184.00
17184.00
17184.00
17184.00
17184.00
17184.00
17184.00
17184.00
17184.00
17208.00
17232.00
17232.00
17232.00
17232.00
17232.00
17232.00
17232.00
17232.00
17232.00
17232.00
17232.00
17232.00
17232.00
17232.00
17256.00
17256.00
17256.00
17256.00
17256.00
17256.00
17256.00
17256.00
17256.00
17304.00
17304.00
17304.00
17304.00
17304.00
17304.00
17304.00
17304.00
17304.00
17304.00
17304.00
17304.00
17304.00
17304.00
17328.00
17328.00
17352.00
17352.00
17352.00
17352.00
17352.00
17352.00
17352.00
17376.00
17376.00
17376.00
17376.00
17400.00
17424.00
17424.00
17424.00
17424.00
17448.00
17448.00
17448.00
17448.00
17448.00
17472.00
17496.00
17496.00
17496.00
17496.00
17520.00
17544.00
17544.00
17544.00
17544.00
17568.00
17568.00
17592.00
17616.00
17616.00
17616.00
17616.00
17616.00
17616.00
17640.00
17640.00
17640.00
17640.00
17640.00
17640.00
17640.00
17688.00
17688.00
17688.00
17712.00
17712.00
17712.00
17712.00
17712.00
17712.00
17736.00
17736.00
17736.00
17736.00
17736.00
17760.00
17760.00
17760.00
17760.00
17760.00
17784.00
17784.00
17784.00
17784.00
17784.00
17808.00
17808.00
17808.00
17808.00
17808.00
17832.00
17832.00
17832.00
17832.00
17856.00
17856.00
17856.00
17856.00
17880.00
17880.00
17880.00
17880.00
17904.00
17904.00
17904.00
17904.00
17904.00
17904.00
17904.00
17904.00
17904.00
17904.00
17952.00
17952.00
17952.00
17952.00
17952.00
17952.00
17976.00
17976.00
17976.00
17976.00
17976.00
17976.00
18000.00
18000.00
18000.00
18000.00
18000.00
18000.00
18024.00
18024.00
18024.00
18024.00
18048.00
18048.00
18048.00
18048.00
18048.00
18072.00
18072.00
18072.00
18072.00
18072.00
18072.00
18096.00
18096.00
18096.00
18096.00
18096.00
18096.00
18096.00
18096.00
18096.00
18096.00
18096.00
18096.00
18096.00
18096.00
18096.00
18096.00
18096.00
18096.00
18096.00
18120.00
18120.00
18120.00
18120.00
18144.00
18144.00
18168.00
18168.00
18168.00
18168.00
18168.00
18168.00
18168.00
18192.00
18192.00
18192.00
18192.00
18192.00
18216.00
18216.00
18216.00
18216.00
18216.00
18216.00
18240.00
18240.00
18240.00
18240.00
18240.00
18264.00
18264.00
18264.00
18288.00
18288.00
18312.00
18312.00
18312.00
18336.00
18336.00
18336.00
18336.00
18336.00
18336.00
18336.00
18360.00
18360.00
18360.00
18360.00
18360.00
18360.00
18360.00
18360.00
18360.00
18360.00
18360.00
18360.00
18384.00
18384.00
18384.00
18384.00
18384.00
18384.00
18408.00
18408.00
18408.00
18432.00
18432.00
18432.00
18432.00
18432.00
18432.00
18456.00
18456.00
18480.00
18480.00
18480.00
18480.00
18480.00
18480.00
18480.00
18480.00
18480.00
18480.00
18528.00
18528.00
18528.00
18528.00
18528.00
18528.00
18528.00
18552.00
18552.00
18552.00
18576.00
18576.00
18576.00
18600.00
18600.00
18600.00
18600.00
18648.00
18648.00
18648.00
18648.00
18648.00
18648.00
18648.00
18648.00
18648.00
18648.00
18648.00
18648.00
18672.00
18672.00
18672.00
18696.00
18696.00
18696.00
18696.00
18696.00
18696.00
18696.00
18696.00
18696.00
18696.00
18720.00
18720.00
18720.00
18744.00
18744.00
18768.00
18768.00
18768.00
18792.00
18816.00
18816.00
18816.00
18840.00
18840.00
18840.00
18840.00
18840.00
18840.00
18840.00
18864.00
18864.00
18864.00
18864.00
18864.00
18864.00
18912.00
18912.00
18936.00
18936.00
18960.00
18960.00
18960.00
18960.00
18960.00
18960.00
18984.00
19008.00
19008.00
19008.00
19008.00
19032.00
19032.00
19032.00
19032.00
19032.00
19032.00
19056.00
19056.00
19056.00
19056.00
19080.00
19080.00
19104.00
19104.00
19104.00
19104.00
19104.00
19104.00
19104.00
19104.00
19104.00
19104.00
19104.00
19128.00
19128.00
19128.00
19152.00
19152.00
19152.00
19152.00
19152.00
19176.00
19176.00
19176.00
19176.00
19176.00
19176.00
19200.00
19200.00
19200.00
19224.00
19224.00
19224.00
19248.00
19248.00
19248.00
19272.00
19272.00
19272.00
19272.00
19272.00
19272.00
19296.00
19296.00
19296.00
19296.00
19296.00
19320.00
19320.00
19320.00
19320.00
19320.00
19344.00
19344.00
19344.00
19344.00
19344.00
19368.00
19368.00
19368.00
19392.00
19392.00
19392.00
19392.00
19392.00
19416.00
19440.00
19440.00
19440.00
19440.00
19440.00
19440.00
19464.00
19464.00
19464.00
19488.00
19488.00
19512.00
19512.00
19536.00
19536.00
19536.00
19536.00
19560.00
19560.00
19584.00
19584.00
19584.00
19584.00
19584.00
19584.00
19584.00
19584.00
19608.00
19632.00
19632.00
19632.00
19656.00
19656.00
19656.00
19656.00
19656.00
19656.00
19656.00
19656.00
19680.00
19680.00
19680.00
19680.00
19680.00
19680.00
19680.00
19704.00
19704.00
19728.00
19728.00
19776.00
19776.00
19776.00
19800.00
19800.00
19824.00
19824.00
19824.00
19848.00
19896.00
19896.00
19896.00
19896.00
19920.00
19920.00
19920.00
19920.00
19944.00
19944.00
19944.00
19944.00
19968.00
19968.00
19968.00
19968.00
19968.00
19968.00
19968.00
19968.00
19968.00
19992.00
19992.00
19992.00
20016.00
20016.00
20016.00
20016.00
20016.00
20040.00
20040.00
20040.00
20040.00
20040.00
20040.00
20064.00
20064.00
20088.00
20088.00
20088.00
20112.00
20112.00
20112.00
20112.00
20136.00
20136.00
20136.00
20136.00
20160.00
20160.00
20160.00
20160.00
20184.00
20184.00
20184.00
20184.00
20184.00
20208.00
20208.00
20256.00
20256.00
20280.00
20280.00
20280.00
20304.00
20304.00
20304.00
20328.00
20328.00
20328.00
20376.00
20376.00
20376.00
20400.00
20400.00
20400.00
20400.00
20424.00
20424.00
20448.00
20448.00
20472.00
20472.00
20472.00
20472.00
20472.00
20472.00
20472.00
20472.00
20496.00
20496.00
20496.00
20520.00
20520.00
20520.00
20520.00
20520.00
20544.00
20544.00
20568.00
20568.00
20568.00
20592.00
20592.00
20592.00
20592.00
20592.00
20592.00
20592.00
20592.00
20592.00
20592.00
20616.00
20640.00
20640.00
20640.00
20640.00
20640.00
20640.00
20640.00
20640.00
20640.00
20640.00
20640.00
20664.00
20664.00
20664.00
20688.00
20688.00
20688.00
20688.00
20688.00
20688.00
20688.00
20688.00
20688.00
20712.00
20736.00
20760.00
20760.00
20760.00
20760.00
20760.00
20784.00
20784.00
20784.00
20808.00
20808.00
20808.00
20808.00
20832.00
20832.00
20856.00
20880.00
20880.00
20880.00
20904.00
20904.00
20904.00
20904.00
20904.00
20904.00
20904.00
20904.00
20928.00
20928.00
20928.00
20928.00
20928.00
20952.00
20976.00
20976.00
20976.00
21000.00
21000.00
21000.00
21000.00
21000.00
21024.00
21024.00
21024.00
21048.00
21048.00
21048.00
21072.00
21096.00
21096.00
21096.00
21096.00
21120.00
21120.00
21120.00
21120.00
21144.00
21144.00
21192.00
21192.00
21192.00
21192.00
21216.00
21216.00
21216.00
21216.00
21216.00
21240.00
21240.00
21240.00
21240.00
21264.00
21264.00
21288.00
21288.00
21288.00
21288.00
21288.00
21288.00
21288.00
21336.00
21336.00
21336.00
21336.00
21336.00
21336.00
21336.00
21360.00
21360.00
21360.00
21360.00
21360.00
21360.00
21360.00
21360.00
21384.00
21408.00
21432.00
21432.00
21432.00
21432.00
21432.00
21456.00
21456.00
21480.00
21480.00
21480.00
21480.00
21504.00
21504.00
21528.00
21528.00
21528.00
21528.00
21552.00
21576.00
21600.00
21600.00
21600.00
21600.00
21624.00
21624.00
21624.00
21624.00
21648.00
21672.00
21672.00
21672.00
21696.00
21696.00
21720.00
21720.00
21720.00
21720.00
21744.00
21768.00
21792.00
21816.00
21816.00
21816.00
21840.00
21840.00
21840.00
21840.00
21864.00
21864.00
21864.00
21864.00
21864.00
21912.00
21912.00
21912.00
21912.00
21912.00
21960.00
21960.00
21960.00
21984.00
21984.00
21984.00
22008.00
22008.00
22008.00
22008.00
22008.00
22008.00
22032.00
22056.00
22056.00
22056.00
22056.00
22080.00
22080.00
22080.00
22080.00
22104.00
22104.00
22104.00
22104.00
22104.00
22104.00
22128.00
22152.00
22176.00
22176.00
22200.00
22200.00
22224.00
22224.00
22224.00
22248.00
22248.00
22248.00
22272.00
22272.00
22272.00
22320.00
22320.00
22344.00
22344.00
22344.00
22392.00
22392.00
22392.00
22392.00
22392.00
22392.00
22416.00
22416.00
22416.00
22416.00
22488.00
22488.00
22488.00
22488.00
22512.00
22536.00
22536.00
22536.00
22536.00
22560.00
22584.00
22584.00
22584.00
22608.00
22632.00
22632.00
22656.00
22680.00
22704.00
22728.00
22728.00
22728.00
22728.00
22776.00
22776.00
22776.00
22800.00
22800.00
22800.00
22824.00
22824.00
22848.00
22872.00
22872.00
22872.00
22896.00
22896.00
22896.00
22920.00
22944.00
22968.00
22968.00
22992.00
22992.00
23016.00
23016.00
23016.00
23040.00
23040.00
23040.00
23040.00
23040.00
23040.00
23064.00
23088.00
23088.00
23088.00
23136.00
23136.00
23136.00
23136.00
23160.00
23184.00
23184.00
23184.00
23184.00
23184.00
23208.00
23208.00
23208.00
23208.00
23208.00
23208.00
23208.00
23208.00
23208.00
23232.00
23232.00
23232.00
23256.00
23256.00
23256.00
23256.00
23280.00
23280.00
23280.00
23304.00
23304.00
23304.00
23328.00
23352.00
23352.00
23352.00
23352.00
23352.00
23352.00
23376.00
23376.00
23376.00
23400.00
23400.00
23424.00
23448.00
23448.00
23448.00
23448.00
23496.00
23496.00
23520.00
23544.00
23544.00
23568.00
23568.00
23568.00
23568.00
23592.00
23592.00
23592.00
23592.00
23616.00
23616.00
23616.00
23640.00
23664.00
23664.00
23688.00
23712.00
23712.00
23712.00
23760.00
23760.00
23760.00
23760.00
23760.00
23832.00
23832.00
23880.00
23880.00
23904.00
23928.00
23952.00
23976.00
24024.00
24024.00
24024.00
24048.00
24048.00
24048.00
24072.00
24096.00
24120.00
24144.00
24144.00
24192.00
24192.00
24192.00
24192.00
24192.00
24192.00
24192.00
24216.00
24216.00
24240.00
24264.00
24288.00
24288.00
24312.00
24312.00
24312.00
24312.00
24336.00
24336.00
24336.00
24336.00
24360.00
24360.00
24384.00
24384.00
24384.00
24432.00
24456.00
24480.00
24480.00
24504.00
24504.00
24528.00
24552.00
24552.00
24576.00
24576.00
24600.00
24600.00
24624.00
24624.00
24648.00
24648.00
24672.00
24672.00
24696.00
24720.00
24720.00
24744.00
24768.00
24792.00
24816.00
24816.00
24840.00
24840.00
24864.00
24864.00
24888.00
24888.00
24912.00
24936.00
24960.00
24960.00
24984.00
25008.00
25008.00
25008.00
25032.00
25056.00
25080.00
25080.00
25080.00
25104.00
25104.00
25104.00
25152.00
25224.00
25248.00
25248.00
25248.00
25248.00
25296.00
25296.00
25320.00
25320.00
25344.00
25344.00
25368.00
25416.00
25416.00
25416.00
25416.00
25416.00
25416.00
25416.00
25416.00
25416.00
25440.00
25440.00
25440.00
25440.00
25488.00
25512.00
25512.00
25512.00
25512.00
25536.00
25536.00
25536.00
25536.00
25560.00
25560.00
25608.00
25608.00
25608.00
25608.00
25632.00
25656.00
25656.00
25680.00
25680.00
25704.00
25728.00
25776.00
25800.00
25824.00
25824.00
25848.00
25896.00
25896.00
25896.00
25896.00
25896.00
25920.00
25920.00
25920.00
25920.00
25920.00
25968.00
25968.00
25968.00
25992.00
26016.00
26040.00
26064.00
26088.00
26088.00
26136.00
26136.00
26136.00
26136.00
26160.00
26184.00
26184.00
26184.00
26184.00
26184.00
26184.00
26184.00
26184.00
26184.00
26208.00
26232.00
26232.00
26232.00
26232.00
26232.00
26232.00
26232.00
26232.00
26232.00
26232.00
26256.00
26256.00
26280.00
26304.00
26304.00
26352.00
26352.00
26352.00
26424.00
26424.00
26424.00
26424.00
26424.00
26448.00
26472.00
26496.00
26496.00
26496.00
26520.00
26544.00
26544.00
26544.00
26616.00
26616.00
26616.00
26640.00
26640.00
26640.00
26664.00
26664.00
26688.00
26688.00
26712.00
26712.00
26712.00
26712.00
26712.00
26736.00
26736.00
26736.00
26784.00
26784.00
26784.00
26784.00
26784.00
26808.00
26808.00
26880.00
26880.00
26880.00
26904.00
26904.00
26904.00
26904.00
26928.00
26928.00
26928.00
26952.00
27000.00
27000.00
27024.00
27024.00
27120.00
27144.00
27144.00
27168.00
27192.00
27192.00
27192.00
27192.00
27336.00
27336.00
27336.00
27360.00
27360.00
27408.00
27456.00
27456.00
27456.00
27480.00
27528.00
27528.00
27576.00
27576.00
27600.00
27600.00
27624.00
27624.00
27648.00
27648.00
27648.00
27720.00
27720.00
27720.00
27768.00
27768.00
27792.00
27816.00
27816.00
27840.00
27840.00
27864.00
27888.00
27888.00
27936.00
27936.00
27984.00
28008.00
28008.00
28056.00
28080.00
28152.00
28176.00
28224.00
28224.00
28248.00
28248.00
28248.00
28272.00
28296.00
28296.00
28296.00
28320.00
28344.00
28344.00
28368.00
28368.00
28416.00
28440.00
28440.00
28440.00
28440.00
28440.00
28440.00
28440.00
28440.00
28440.00
28440.00
28440.00
28464.00
28488.00
28536.00
28608.00
28632.00
28680.00
28728.00
28728.00
28728.00
28728.00
28752.00
28752.00
28776.00
28872.00
28944.00
28992.00
29016.00
29160.00
29208.00
29208.00
29232.00
29232.00
29280.00
29328.00
29376.00
29400.00
29472.00
29472.00
29472.00
29616.00
29616.00
29616.00
29640.00
29664.00
29688.00
29712.00
29712.00
29760.00
29904.00
29928.00
29976.00
30000.00
30096.00
30144.00
30144.00
30168.00
30192.00
30216.00
30240.00
30264.00
30264.00
30264.00
30312.00
30312.00
30336.00
30408.00
30768.00
30792.00
30888.00
30960.00
31032.00
31128.00
31296.00
31296.00
31344.00
31392.00
31392.00
31392.00
31392.00
31392.00
31416.00
31416.00
31416.00
31464.00
31512.00
31512.00
31536.00
31632.00
31680.00
31752.00
31752.00
31872.00
31872.00
31872.00
31872.00
31872.00
31872.00
31872.00
31872.00
31896.00
31896.00
32064.00
32088.00
32088.00
32088.00
32088.00
32088.00
32136.00
32136.00
32136.00
32136.00
32136.00
32136.00
32136.00
32160.00
32208.00
32208.00
32328.00
32352.00
32376.00
32376.00
32376.00
32424.00
32448.00
32544.00
32712.00
32712.00
32712.00
32736.00
32736.00
32760.00
32856.00
32880.00
32928.00
32928.00
33024.00
33120.00
33168.00
33264.00
33336.00
33360.00
33360.00
33432.00
33480.00
33528.00
33696.00
33960.00
34056.00
34080.00
34248.00
34248.00
34752.00
34872.00
35184.00
35304.00
35568.00
36144.00
36216.00
36216.00
36264.00
36312.00
36672.00
36696.00
36864.00
37056.00
37824.00
37848.00
38592.00
38808.00
38928.00
38952.00
39000.00
39360.00
39384.00
39408.00
39408.00
39408.00
39480.00
39480.00
39504.00
39528.00
39528.00
39552.00
39552.00
39576.00
39576.00
39624.00
39648.00
39816.00
40296.00
40680.00
41040.00
41112.00
